sin(72.9121) = -0.60955
sin(15.5291) = 0.177959
sin(31.1446) = -0.267995
sin(71.5958) = 0.613744
sin(49.1279) = -0.907613
sin(32.0811) = 0.617178
sin(27.8783) = 0.38578
sin(55.183) = -0.979039
sin(77.1173) = 0.989028
sin(72.0009) = 0.252983
