sqrt(48.857) = 6.98978
sqrt(89.8388) = 9.47833
sqrt(95.4656) = 9.77065
sqrt(79.2851) = 8.90422
sqrt(55.0314) = 7.41831
sqrt(40.9622) = 6.40017
sqrt(17.597) = 4.19488
sqrt(64.5752) = 8.03587
sqrt(96.4446) = 9.82062
sqrt(18.3713) = 4.28618
